  PRIMER EJEMPLO TESIS PILAR mm, N, MPa
 Resultados problema térmico de contacto
 
 VECTOR DE CARGA TÉRMICA: TEMPERATURAS Y GRADIENTES TÉRMICOS
 
 ==================== CUERPO A ====================
  - Zona de contacto -
    1      10.6969      -1.0579
    2      10.6317      -0.9708
    3      10.6213      -1.0724
    4      10.5947      -0.9727
    5      10.6113      -1.0717
    6      10.5854      -0.9727
    7      10.6084      -1.0715
    8      10.5823      -0.9725
    9      10.6078      -1.0712
   10      10.5813      -0.9721
   11      10.6089      -1.0705
   12      10.5821      -0.9709
   13      10.6132      -1.0684
   14      10.5843      -0.9630
   15      10.6354      -1.0741
   16      10.5245      -1.0849
   17      10.6319      -0.9730
   18      10.6174      -0.9811
   19      10.6083      -0.9751
   20      10.6019      -0.9813
   21      10.5946      -0.9754
   22      10.5923      -0.9814
   23      10.5885      -0.9753
   24      10.5873      -0.9812
   25      10.5855      -0.9750
   26      10.5844      -0.9807
   27      10.5840      -0.9741
   28      10.5823      -0.9794
   29      10.5820      -0.9708
   30      10.5782      -0.9708
   31      10.5759      -0.9608
   32      10.5467      -1.0721
   33      10.6091      -0.9843
   34      10.6037      -0.9849
   35      10.6021      -0.9842
   36      10.5976      -0.9849
   37      10.5941      -0.9843
   38      10.5912      -0.9849
   39      10.5883      -0.9842
   40      10.5863      -0.9848
   41      10.5843      -0.9839
   42      10.5826      -0.9842
   43      10.5813      -0.9828
   44      10.5794      -0.9828
   45      10.5779      -0.9793
   46      10.5758      -0.9740
   47      10.5776      -0.9686
   48      10.5502      -1.0736
   49      10.5988      -0.9856
   50      10.5960      -0.9857
   51      10.5958      -0.9856
   52      10.5928      -0.9858
   53      10.5911      -0.9856
   54      10.5885      -0.9858
   55      10.5864      -0.9855
   56      10.5842      -0.9857
   57      10.5823      -0.9852
   58      10.5801      -0.9852
   59      10.5786      -0.9842
   60      10.5764      -0.9837
   61      10.5754      -0.9806
   62      10.5734      -0.9748
   63      10.5771      -0.9695
   64      10.5494      -1.0740
   65      10.5930      -0.9856
   66      10.5913      -0.9854
   67      10.5912      -0.9857
   68      10.5892      -0.9855
   69      10.5879      -0.9858
   70      10.5857      -0.9856
   71      10.5839      -0.9857
   72      10.5815      -0.9855
   73      10.5795      -0.9854
   74      10.5769      -0.9850
   75      10.5752      -0.9844
   76      10.5724      -0.9836
   77      10.5717      -0.9809
   78      10.5689      -0.9748
   79      10.5740      -0.9698
   80      10.5457      -1.0739
   81      10.5896      -0.9841
   82      10.5886      -0.9834
   83      10.5882      -0.9846
   84      10.5868      -0.9839
   85      10.5854      -0.9848
   86      10.5836      -0.9841
   87      10.5814      -0.9848
   88      10.5791      -0.9841
   89      10.5764      -0.9846
   90      10.5734      -0.9837
   91      10.5708      -0.9837
   92      10.5669      -0.9825
   93      10.5656      -0.9803
   94      10.5611      -0.9741
   95      10.5672      -0.9694
   96      10.5376      -1.0732
   97      10.5879      -0.9789
   98      10.5873      -0.9734
   99      10.5866      -0.9805
  100      10.5856      -0.9748
  101      10.5839      -0.9811
  102      10.5824      -0.9753
  103      10.5797      -0.9811
  104      10.5776      -0.9753
  105      10.5738      -0.9810
  106      10.5705      -0.9749
  107      10.5658      -0.9802
  108      10.5606      -0.9740
  109      10.5561      -0.9774
  110      10.5479      -0.9667
  111      10.5540      -0.9676
  112      10.5214      -1.0690
  113      10.5875      -0.9582
  114      10.5876      -1.0866
  115      10.5864      -0.9649
  116      10.5860      -1.0856
  117      10.5837      -0.9649
  118      10.5830      -1.0836
  119      10.5795      -0.9647
  120      10.5781      -1.0826
  121      10.5729      -0.9643
  122      10.5707      -1.0818
  123      10.5626      -0.9637
  124      10.5583      -1.0806
  125      10.5450      -0.9614
  126      10.5331      -1.0736
  127      10.5244      -0.9582
  128      10.4740      -1.1785
  - Zona libre -
  129      60.0000       1.0880
  130      60.0000       0.9647
  131      60.0000       1.0767
  132      60.0000       0.9636
  133      60.0000       1.0800
  134      60.0000       0.9638
  135      60.0000       1.0811
  136      60.0000       0.9639
  137      60.0000       1.0815
  138      60.0000       0.9640
  139      60.0000       1.0816
  140      60.0000       0.9634
  141      60.0000       1.0811
  142      60.0000       0.9559
  143      60.0000       1.1108
  144      60.0000       1.0493
  145      60.0000       0.9781
  146      60.0000       0.9827
  147      60.0000       0.9762
  148      60.0000       0.9815
  149      60.0000       0.9754
  150      60.0000       0.9811
  151      60.0000       0.9752
  152      60.0000       0.9809
  153      60.0000       0.9750
  154      60.0000       0.9805
  155      60.0000       0.9743
  156      60.0000       0.9793
  157      60.0000       0.9713
  158      60.0000       0.9707
  159      60.0000       0.9681
  160      60.0000       1.0598
  161      60.0000       0.9854
  162      60.0000       0.9857
  163      60.0000       0.9849
  164      60.0000       0.9854
  165      60.0000       0.9845
  166      60.0000       0.9851
  167      60.0000       0.9842
  168      60.0000       0.9848
  169      60.0000       0.9839
  170      60.0000       0.9843
  171      60.0000       0.9829
  172      60.0000       0.9829
  173      60.0000       0.9796
  174      60.0000       0.9742
  175      60.0000       0.9763
  176      60.0000       1.0629
  177      60.0000       0.9861
  178      60.0000       0.9861
  179      60.0000       0.9860
  180      60.0000       0.9861
  181      60.0000       0.9858
  182      60.0000       0.9860
  183      60.0000       0.9857
  184      60.0000       0.9857
  185      60.0000       0.9853
  186      60.0000       0.9852
  187      60.0000       0.9843
  188      60.0000       0.9838
  189      60.0000       0.9808
  190      60.0000       0.9750
  191      60.0000       0.9775
  192      60.0000       1.0638
  193      60.0000       0.9858
  194      60.0000       0.9856
  195      60.0000       0.9859
  196      60.0000       0.9856
  197      60.0000       0.9859
  198      60.0000       0.9857
  199      60.0000       0.9858
  200      60.0000       0.9855
  201      60.0000       0.9855
  202      60.0000       0.9850
  203      60.0000       0.9844
  204      60.0000       0.9836
  205      60.0000       0.9810
  206      60.0000       0.9749
  207      60.0000       0.9778
  208      60.0000       1.0639
  209      60.0000       0.9842
  210      60.0000       0.9835
  211      60.0000       0.9847
  212      60.0000       0.9839
  213      60.0000       0.9848
  214      60.0000       0.9841
  215      60.0000       0.9848
  216      60.0000       0.9840
  217      60.0000       0.9845
  218      60.0000       0.9835
  219      60.0000       0.9835
  220      60.0000       0.9822
  221      60.0000       0.9802
  222      60.0000       0.9737
  223      60.0000       0.9772
  224      60.0000       1.0632
  225      60.0000       0.9788
  226      60.0000       0.9735
  227      60.0000       0.9805
  228      60.0000       0.9749
  229      60.0000       0.9810
  230      60.0000       0.9753
  231      60.0000       0.9811
  232      60.0000       0.9752
  233      60.0000       0.9807
  234      60.0000       0.9747
  235      60.0000       0.9797
  236      60.0000       0.9733
  237      60.0000       0.9766
  238      60.0000       0.9651
  239      60.0000       0.9744
  240      60.0000       1.0592
  241      60.0000       0.9585
  242      60.0000       1.0870
  243      60.0000       0.9650
  244      60.0000       1.0861
  245      60.0000       0.9651
  246      60.0000       1.0840
  247      60.0000       0.9648
  248      60.0000       1.0831
  249      60.0000       0.9643
  250      60.0000       1.0821
  251      60.0000       0.9633
  252      60.0000       1.0806
  253      60.0000       0.9598
  254      60.0000       1.0698
  255      60.0000       0.9613
  256      60.0000       1.1528
  257      12.5139       0.0000
  258      14.5985       0.0000
  259      12.4936       0.0000
  260      14.5872       0.0000
  261      12.4854       0.0000
  262      14.5801       0.0000
  263      12.4790       0.0000
  264      14.5731       0.0000
  265      12.4712       0.0000
  266      14.5637       0.0000
  267      12.4589       0.0000
  268      14.5479       0.0000
  269      12.4349       0.0000
  270      14.5120       0.0000
  271      12.3554       0.0000
  272      14.2481       0.0000
  273      18.7565       0.0000
  274      20.8267       0.0000
  275      18.7510       0.0000
  276      20.8220       0.0000
  277      18.7447       0.0000
  278      20.8163       0.0000
  279      18.7381       0.0000
  280      20.8094       0.0000
  281      18.7295       0.0000
  282      20.7999       0.0000
  283      18.7161       0.0000
  284      20.7844       0.0000
  285      18.6908       0.0000
  286      20.7536       0.0000
  287      18.6257       0.0000
  288      20.5255       0.0000
  289      24.9653       0.0000
  290      27.0324       0.0000
  291      24.9629       0.0000
  292      27.0297       0.0000
  293      24.9587       0.0000
  294      27.0255       0.0000
  295      24.9531       0.0000
  296      27.0199       0.0000
  297      24.9455       0.0000
  298      27.0121       0.0000
  299      24.9343       0.0000
  300      27.0003       0.0000
  301      24.9151       0.0000
  302      26.9788       0.0000
  303      24.8688       0.0000
  304      26.7714       0.0000
  305      31.1667       0.0000
  306      33.2330       0.0000
  307      31.1651       0.0000
  308      33.2312       0.0000
  309      31.1621       0.0000
  310      33.2280       0.0000
  311      31.1579       0.0000
  312      33.2239       0.0000
  313      31.1523       0.0000
  314      33.2186       0.0000
  315      31.1446       0.0000
  316      33.2114       0.0000
  317      31.1324       0.0000
  318      33.1977       0.0000
  319      31.0978       0.0000
  320      33.0016       0.0000
  321      37.3668       0.0000
  322      39.4337       0.0000
  323      37.3656       0.0000
  324      39.4320       0.0000
  325      37.3632       0.0000
  326      39.4295       0.0000
  327      37.3602       0.0000
  328      39.4267       0.0000
  329      37.3567       0.0000
  330      39.4239       0.0000
  331      37.3527       0.0000
  332      39.4209       0.0000
  333      37.3465       0.0000
  334      39.4139       0.0000
  335      37.3204       0.0000
  336      39.2265       0.0000
  337      43.5698       0.0000
  338      45.6386       0.0000
  339      43.5683       0.0000
  340      45.6364       0.0000
  341      43.5660       0.0000
  342      45.6339       0.0000
  343      43.5636       0.0000
  344      45.6318       0.0000
  345      43.5618       0.0000
  346      45.6307       0.0000
  347      43.5608       0.0000
  348      45.6310       0.0000
  349      43.5600       0.0000
  350      45.6301       0.0000
  351      43.5423       0.0000
  352      45.4529       0.0000
  353      49.7827       0.0000
  354      51.8573       0.0000
  355      49.7793       0.0000
  356      51.8520       0.0000
  357      49.7758       0.0000
  358      51.8484       0.0000
  359      49.7735       0.0000
  360      51.8464       0.0000
  361      49.7724       0.0000
  362      51.8459       0.0000
  363      49.7731       0.0000
  364      51.8474       0.0000
  365      49.7758       0.0000
  366      51.8502       0.0000
  367      49.7680       0.0000
  368      51.6875       0.0000
  369      56.0310       0.0000
  370      58.1267       0.0000
  371      56.0171       0.0000
  372      58.1093       0.0000
  373      56.0109       0.0000
  374      58.1052       0.0000
  375      56.0084       0.0000
  376      58.1037       0.0000
  377      56.0075       0.0000
  378      58.1028       0.0000
  379      56.0076       0.0000
  380      58.1027       0.0000
  381      56.0094       0.0000
  382      58.1025       0.0000
  383      56.0011       0.0000
  384      57.9150       0.0000
  385      57.9444       0.0000
  386      56.0096       0.0000
  387      58.0956       0.0000
  388      56.0036       0.0000
  389      58.0915       0.0000
  390      55.9989       0.0000
  391      58.0907       0.0000
  392      55.9977       0.0000
  393      58.0909       0.0000
  394      55.9987       0.0000
  395      58.0924       0.0000
  396      56.0030       0.0000
  397      58.0974       0.0000
  398      56.0187       0.0000
  399      58.1205       0.0000
  400      56.2513       0.0000
  401      51.6954       0.0000
  402      49.7725       0.0000
  403      51.8510       0.0000
  404      49.7758       0.0000
  405      51.8441       0.0000
  406      49.7702       0.0000
  407      51.8409       0.0000
  408      49.7683       0.0000
  409      51.8414       0.0000
  410      49.7701       0.0000
  411      51.8461       0.0000
  412      49.7775       0.0000
  413      51.8607       0.0000
  414      49.7990       0.0000
  415      51.9135       0.0000
  416      50.0195       0.0000
  417      45.4573       0.0000
  418      43.5461       0.0000
  419      45.6323       0.0000
  420      43.5618       0.0000
  421      45.6306       0.0000
  422      43.5603       0.0000
  423      45.6285       0.0000
  424      43.5595       0.0000
  425      45.6292       0.0000
  426      43.5613       0.0000
  427      45.6340       0.0000
  428      43.5674       0.0000
  429      45.6470       0.0000
  430      43.5837       0.0000
  431      45.6884       0.0000
  432      43.7880       0.0000
  433      39.2316       0.0000
  434      37.3260       0.0000
  435      39.4176       0.0000
  436      37.3503       0.0000
  437      39.4222       0.0000
  438      37.3536       0.0000
  439      39.4225       0.0000
  440      37.3545       0.0000
  441      39.4234       0.0000
  442      37.3556       0.0000
  443      39.4264       0.0000
  444      37.3586       0.0000
  445      39.4345       0.0000
  446      37.3686       0.0000
  447      39.4662       0.0000
  448      37.5628       0.0000
  449      33.0102       0.0000
  450      31.1078       0.0000
  451      33.2045       0.0000
  452      31.1395       0.0000
  453      33.2147       0.0000
  454      31.1472       0.0000
  455      33.2176       0.0000
  456      31.1496       0.0000
  457      33.2183       0.0000
  458      31.1496       0.0000
  459      33.2186       0.0000
  460      31.1488       0.0000
  461      33.2211       0.0000
  462      31.1519       0.0000
  463      33.2446       0.0000
  464      31.3372       0.0000
  465      26.7875       0.0000
  466      24.8876       0.0000
  467      26.9912       0.0000
  468      24.9280       0.0000
  469      27.0067       0.0000
  470      24.9395       0.0000
  471      27.0116       0.0000
  472      24.9427       0.0000
  473      27.0118       0.0000
  474      24.9413       0.0000
  475      27.0090       0.0000
  476      24.9363       0.0000
  477      27.0051       0.0000
  478      24.9311       0.0000
  479      27.0185       0.0000
  480      25.1039       0.0000
  481      20.5580       0.0000
  482      18.6630       0.0000
  483      20.7758       0.0000
  484      18.7123       0.0000
  485      20.7954       0.0000
  486      18.7249       0.0000
  487      20.8008       0.0000
  488      18.7275       0.0000
  489      20.8000       0.0000
  490      18.7246       0.0000
  491      20.7942       0.0000
  492      18.7161       0.0000
  493      20.7833       0.0000
  494      18.7015       0.0000
  495      20.7809       0.0000
  496      18.8507       0.0000
  497      14.3271       0.0000
  498      12.4361       0.0000
  499      14.5484       0.0000
  500      12.4613       0.0000
  501      14.5639       0.0000
  502      12.4677       0.0000
  503      14.5669       0.0000
  504      12.4678       0.0000
  505      14.5648       0.0000
  506      12.4641       0.0000
  507      14.5578       0.0000
  508      12.4554       0.0000
  509      14.5426       0.0000
  510      12.4356       0.0000
  511      14.5187       0.0000
  512      12.5600       0.0000
  513      58.0736       0.0000
  514      55.9886       0.0000
  515      58.0924       0.0000
  516      55.9979       0.0000
  517      58.0981       0.0000
  518      56.0019       0.0000
  519      58.1001       0.0000
  520      56.0042       0.0000
  521      58.1015       0.0000
  522      56.0067       0.0000
  523      58.1034       0.0000
  524      56.0120       0.0000
  525      58.1096       0.0000
  526      56.0313       0.0000
  527      58.1560       0.0000
  528      56.2731       0.0000
  529      51.8301       0.0000
  530      49.7600       0.0000
  531      51.8346       0.0000
  532      49.7632       0.0000
  533      51.8385       0.0000
  534      49.7662       0.0000
  535      51.8414       0.0000
  536      49.7691       0.0000
  537      51.8447       0.0000
  538      49.7733       0.0000
  539      51.8509       0.0000
  540      49.7820       0.0000
  541      51.8669       0.0000
  542      49.8048       0.0000
  543      51.9217       0.0000
  544      50.0262       0.0000
  545      45.6220       0.0000
  546      43.5551       0.0000
  547      45.6234       0.0000
  548      43.5563       0.0000
  549      45.6254       0.0000
  550      43.5580       0.0000
  551      45.6277       0.0000
  552      43.5603       0.0000
  553      45.6311       0.0000
  554      43.5639       0.0000
  555      45.6374       0.0000
  556      43.5711       0.0000
  557      45.6512       0.0000
  558      43.5882       0.0000
  559      45.6930       0.0000
  560      43.7925       0.0000
  561      39.4222       0.0000
  562      37.3564       0.0000
  563      39.4226       0.0000
  564      37.3567       0.0000
  565      39.4235       0.0000
  566      37.3573       0.0000
  567      39.4247       0.0000
  568      37.3583       0.0000
  569      39.4268       0.0000
  570      37.3601       0.0000
  571      39.4307       0.0000
  572      37.3639       0.0000
  573      39.4395       0.0000
  574      37.3745       0.0000
  575      39.4714       0.0000
  576      37.5686       0.0000
  577      33.2250       0.0000
  578      31.1593       0.0000
  579      33.2249       0.0000
  580      31.1589       0.0000
  581      33.2247       0.0000
  582      31.1584       0.0000
  583      33.2247       0.0000
  584      31.1579       0.0000
  585      33.2249       0.0000
  586      31.1575       0.0000
  587      33.2256       0.0000
  588      31.1574       0.0000
  589      33.2291       0.0000
  590      31.1618       0.0000
  591      33.2530       0.0000
  592      31.3474       0.0000
  593      27.0275       0.0000
  594      24.9608       0.0000
  595      27.0267       0.0000
  596      24.9592       0.0000
  597      27.0253       0.0000
  598      24.9574       0.0000
  599      27.0240       0.0000
  600      24.9556       0.0000
  601      27.0224       0.0000
  602      24.9535       0.0000
  603      27.0204       0.0000
  604      24.9503       0.0000
  605      27.0186       0.0000
  606      24.9485       0.0000
  607      27.0340       0.0000
  608      25.1234       0.0000
  609      20.8259       0.0000
  610      18.7553       0.0000
  611      20.8232       0.0000
  612      18.7506       0.0000
  613      20.8200       0.0000
  614      18.7469       0.0000
  615      20.8174       0.0000
  616      18.7444       0.0000
  617      20.8151       0.0000
  618      18.7420       0.0000
  619      20.8118       0.0000
  620      18.7384       0.0000
  621      20.8065       0.0000
  622      18.7328       0.0000
  623      20.8109       0.0000
  624      18.8910       0.0000
  625      14.6081       0.0000
  626      12.5245       0.0000
  627      14.5975       0.0000
  628      12.5024       0.0000
  629      14.5904       0.0000
  630      12.4970       0.0000
  631      14.5875       0.0000
  632      12.4952       0.0000
  633      14.5860       0.0000
  634      12.4947       0.0000
  635      14.5848       0.0000
  636      12.4952       0.0000
  637      14.5829       0.0000
  638      12.4986       0.0000
  639      14.5868       0.0000
  640      12.6762       0.0000
 
 ==================== CUERPO B ====================
  - Zona de contacto -
    1      10.6969       1.5113
    2      10.6317       1.3869
    3      10.6213       1.5321
    4      10.5947       1.3895
    5      10.6113       1.5311
    6      10.5854       1.3896
    7      10.6084       1.5307
    8      10.5823       1.3893
    9      10.6078       1.5303
   10      10.5813       1.3887
   11      10.6089       1.5292
   12      10.5821       1.3871
   13      10.6132       1.5263
   14      10.5843       1.3757
   15      10.6354       1.5344
   16      10.5245       1.5499
   17      10.6319       1.3899
   18      10.6174       1.4016
   19      10.6083       1.3930
   20      10.6019       1.4019
   21      10.5946       1.3934
   22      10.5923       1.4020
   23      10.5885       1.3933
   24      10.5873       1.4017
   25      10.5855       1.3928
   26      10.5844       1.4010
   27      10.5840       1.3915
   28      10.5823       1.3991
   29      10.5820       1.3868
   30      10.5782       1.3869
   31      10.5759       1.3725
   32      10.5467       1.5315
   33      10.6091       1.4062
   34      10.6037       1.4070
   35      10.6021       1.4060
   36      10.5976       1.4070
   37      10.5941       1.4061
   38      10.5912       1.4071
   39      10.5883       1.4060
   40      10.5863       1.4068
   41      10.5843       1.4055
   42      10.5826       1.4061
   43      10.5813       1.4040
   44      10.5794       1.4040
   45      10.5779       1.3990
   46      10.5758       1.3915
   47      10.5776       1.3837
   48      10.5502       1.5337
   49      10.5988       1.4080
   50      10.5960       1.4082
   51      10.5958       1.4080
   52      10.5928       1.4083
   53      10.5911       1.4080
   54      10.5885       1.4083
   55      10.5864       1.4079
   56      10.5842       1.4081
   57      10.5823       1.4075
   58      10.5801       1.4074
   59      10.5786       1.4060
   60      10.5764       1.4053
   61      10.5754       1.4008
   62      10.5734       1.3926
   63      10.5771       1.3850
   64      10.5494       1.5343
   65      10.5930       1.4080
   66      10.5913       1.4076
   67      10.5912       1.4082
   68      10.5892       1.4079
   69      10.5879       1.4082
   70      10.5857       1.4080
   71      10.5839       1.4082
   72      10.5815       1.4079
   73      10.5795       1.4078
   74      10.5769       1.4072
   75      10.5752       1.4063
   76      10.5724       1.4052
   77      10.5717       1.4012
   78      10.5689       1.3926
   79      10.5740       1.3854
   80      10.5457       1.5341
   81      10.5896       1.4059
   82      10.5886       1.4049
   83      10.5882       1.4065
   84      10.5868       1.4055
   85      10.5854       1.4068
   86      10.5836       1.4059
   87      10.5814       1.4069
   88      10.5791       1.4059
   89      10.5764       1.4066
   90      10.5734       1.4053
   91      10.5708       1.4053
   92      10.5669       1.4036
   93      10.5656       1.4005
   94      10.5611       1.3916
   95      10.5672       1.3849
   96      10.5376       1.5331
   97      10.5879       1.3984
   98      10.5873       1.3905
   99      10.5866       1.4007
  100      10.5856       1.3926
  101      10.5839       1.4015
  102      10.5824       1.3933
  103      10.5797       1.4016
  104      10.5776       1.3933
  105      10.5738       1.4014
  106      10.5705       1.3928
  107      10.5658       1.4003
  108      10.5606       1.3915
  109      10.5561       1.3962
  110      10.5479       1.3811
  111      10.5540       1.3823
  112      10.5214       1.5271
  113      10.5875       1.3689
  114      10.5876       1.5524
  115      10.5864       1.3784
  116      10.5860       1.5509
  117      10.5837       1.3785
  118      10.5830       1.5480
  119      10.5795       1.3781
  120      10.5781       1.5466
  121      10.5729       1.3776
  122      10.5707       1.5454
  123      10.5626       1.3767
  124      10.5583       1.5437
  125      10.5450       1.3735
  126      10.5331       1.5337
  127      10.5244       1.3689
  128      10.4740       1.6836
  - Zona libre -
  129       7.8987       0.0000
  130       4.8888       0.0000
  131       7.8768       0.0000
  132       4.8783       0.0000
  133       7.8716       0.0000
  134       4.8747       0.0000
  135       7.8701       0.0000
  136       4.8741       0.0000
  137       7.8706       0.0000
  138       4.8759       0.0000
  139       7.8735       0.0000
  140       4.8826       0.0000
  141       7.8832       0.0000
  142       4.9057       0.0000
  143       7.9186       0.0000
  144       5.2268       0.0000
  145      -1.0596       0.0000
  146      -4.0246       0.0000
  147      -1.0642       0.0000
  148      -4.0277       0.0000
  149      -1.0675       0.0000
  150      -4.0295       0.0000
  151      -1.0684       0.0000
  152      -4.0294       0.0000
  153      -1.0665       0.0000
  154      -4.0259       0.0000
  155      -1.0597       0.0000
  156      -4.0156       0.0000
  157      -1.0397       0.0000
  158      -3.9859       0.0000
  159      -0.9673       0.0000
  160      -3.6734       0.0000
  161      -9.9411       0.0000
  162     -12.8967       0.0000
  163      -9.9423       0.0000
  164     -12.8977       0.0000
  165      -9.9436       0.0000
  166     -12.8984       0.0000
  167      -9.9437       0.0000
  168     -12.8979       0.0000
  169      -9.9415       0.0000
  170     -12.8948       0.0000
  171      -9.9345       0.0000
  172     -12.8862       0.0000
  173      -9.9165       0.0000
  174     -12.8629       0.0000
  175      -9.8579       0.0000
  176     -12.5713       0.0000
  177     -18.8039       0.0000
  178     -21.7568       0.0000
  179     -18.8044       0.0000
  180     -21.7572       0.0000
  181     -18.8049       0.0000
  182     -21.7575       0.0000
  183     -18.8049       0.0000
  184     -21.7574       0.0000
  185     -18.8036       0.0000
  186     -21.7560       0.0000
  187     -18.7993       0.0000
  188     -21.7516       0.0000
  189     -18.7876       0.0000
  190     -21.7367       0.0000
  191     -18.7419       0.0000
  192     -21.4588       0.0000
  193     -27.6618       0.0000
  194     -30.6144       0.0000
  195     -27.6619       0.0000
  196     -30.6145       0.0000
  197     -27.6621       0.0000
  198     -30.6146       0.0000
  199     -27.6624       0.0000
  200     -30.6151       0.0000
  201     -27.6626       0.0000
  202     -30.6158       0.0000
  203     -27.6619       0.0000
  204     -30.6160       0.0000
  205     -27.6573       0.0000
  206     -30.6096       0.0000
  207     -27.6225       0.0000
  208     -30.3438       0.0000
  209     -36.5214       0.0000
  210     -39.4761       0.0000
  211     -36.5210       0.0000
  212     -39.4753       0.0000
  213     -36.5207       0.0000
  214     -39.4748       0.0000
  215     -36.5209       0.0000
  216     -39.4752       0.0000
  217     -36.5222       0.0000
  218     -39.4773       0.0000
  219     -36.5249       0.0000
  220     -39.4816       0.0000
  221     -36.5276       0.0000
  222     -39.4843       0.0000
  223     -36.5052       0.0000
  224     -39.2343       0.0000
  225     -45.3915       0.0000
  226     -48.3534       0.0000
  227     -45.3899       0.0000
  228     -48.3502       0.0000
  229     -45.3879       0.0000
  230     -48.3478       0.0000
  231     -45.3873       0.0000
  232     -48.3474       0.0000
  233     -45.3885       0.0000
  234     -48.3491       0.0000
  235     -45.3927       0.0000
  236     -48.3545       0.0000
  237     -45.4012       0.0000
  238     -48.3645       0.0000
  239     -45.3964       0.0000
  240     -48.1420       0.0000
  241     -54.2983       0.0000
  242     -57.2914       0.0000
  243     -54.2927       0.0000
  244     -57.2804       0.0000
  245     -54.2873       0.0000
  246     -57.2760       0.0000
  247     -54.2853       0.0000
  248     -57.2746       0.0000
  249     -54.2851       0.0000
  250     -57.2744       0.0000
  251     -54.2871       0.0000
  252     -57.2755       0.0000
  253     -54.2939       0.0000
  254     -57.2812       0.0000
  255     -54.3023       0.0000
  256     -57.0649       0.0000
  257       7.5906       0.0000
  258       4.8601       0.0000
  259       7.8485       0.0000
  260       4.8673       0.0000
  261       7.8514       0.0000
  262       4.8638       0.0000
  263       7.8504       0.0000
  264       4.8605       0.0000
  265       7.8475       0.0000
  266       4.8564       0.0000
  267       7.8419       0.0000
  268       4.8498       0.0000
  269       7.8317       0.0000
  270       4.8368       0.0000
  271       7.7764       0.0000
  272       4.7823       0.0000
  273      -1.2919       0.0000
  274      -4.0339       0.0000
  275      -1.0642       0.0000
  276      -4.0266       0.0000
  277      -1.0718       0.0000
  278      -4.0345       0.0000
  279      -1.0780       0.0000
  280      -4.0406       0.0000
  281      -1.0832       0.0000
  282      -4.0466       0.0000
  283      -1.0897       0.0000
  284      -4.0553       0.0000
  285      -1.1023       0.0000
  286      -4.0777       0.0000
  287      -1.1875       0.0000
  288      -4.1721       0.0000
  289     -10.1942       0.0000
  290     -12.9230       0.0000
  291      -9.9439       0.0000
  292     -12.9008       0.0000
  293      -9.9467       0.0000
  294     -12.9044       0.0000
  295      -9.9528       0.0000
  296     -12.9100       0.0000
  297      -9.9593       0.0000
  298     -12.9175       0.0000
  299      -9.9688       0.0000
  300     -12.9307       0.0000
  301      -9.9893       0.0000
  302     -12.9642       0.0000
  303     -10.0959       0.0000
  304     -13.0808       0.0000
  305     -19.0839       0.0000
  306     -21.8054       0.0000
  307     -18.8188       0.0000
  308     -21.7715       0.0000
  309     -18.8135       0.0000
  310     -21.7684       0.0000
  311     -18.8164       0.0000
  312     -21.7716       0.0000
  313     -18.8230       0.0000
  314     -21.7800       0.0000
  315     -18.8357       0.0000
  316     -21.7976       0.0000
  317     -18.8641       0.0000
  318     -21.8400       0.0000
  319     -18.9844       0.0000
  320     -21.9699       0.0000
  321     -27.9688       0.0000
  322     -30.6861       0.0000
  323     -27.6917       0.0000
  324     -30.6411       0.0000
  325     -27.6781       0.0000
  326     -30.6310       0.0000
  327     -27.6768       0.0000
  328     -30.6309       0.0000
  329     -27.6826       0.0000
  330     -30.6391       0.0000
  331     -27.6977       0.0000
  332     -30.6598       0.0000
  333     -27.7324       0.0000
  334     -30.7097       0.0000
  335     -27.8633       0.0000
  336     -30.8513       0.0000
  337     -36.8568       0.0000
  338     -39.5708       0.0000
  339     -36.5653       0.0000
  340     -39.5116       0.0000
  341     -36.5427       0.0000
  342     -39.4942       0.0000
  343     -36.5368       0.0000
  344     -39.4908       0.0000
  345     -36.5408       0.0000
  346     -39.4976       0.0000
  347     -36.5567       0.0000
  348     -39.5190       0.0000
  349     -36.5960       0.0000
  350     -39.5742       0.0000
  351     -36.7377       0.0000
  352     -39.7307       0.0000
  353     -45.7583       0.0000
  354     -48.4649       0.0000
  355     -45.4422       0.0000
  356     -48.3869       0.0000
  357     -45.4110       0.0000
  358     -48.3657       0.0000
  359     -45.4021       0.0000
  360     -48.3607       0.0000
  361     -45.4039       0.0000
  362     -48.3646       0.0000
  363     -45.4170       0.0000
  364     -48.3808       0.0000
  365     -45.4548       0.0000
  366     -48.4315       0.0000
  367     -45.6070       0.0000
  368     -48.6069       0.0000
  369     -54.6783       0.0000
  370     -57.3668       0.0000
  371     -54.3330       0.0000
  372     -57.3004       0.0000
  373     -54.3058       0.0000
  374     -57.2919       0.0000
  375     -54.2998       0.0000
  376     -57.2900       0.0000
  377     -54.2996       0.0000
  378     -57.2900       0.0000
  379     -54.3045       0.0000
  380     -57.2923       0.0000
  381     -54.3227       0.0000
  382     -57.3031       0.0000
  383     -54.4441       0.0000
  384     -57.3873       0.0000
  385       7.8363       0.0000
  386       4.8573       0.0000
  387      -1.0831       0.0000
  388      -4.0412       0.0000
  389      -9.9530       0.0000
  390     -12.9065       0.0000
  391     -18.8117       0.0000
  392     -21.7639       0.0000
  393     -27.6683       0.0000
  394     -30.6210       0.0000
  395     -36.5286       0.0000
  396     -39.4840       0.0000
  397     -45.4032       0.0000
  398     -48.3668       0.0000
  399     -54.3288       0.0000
  400     -57.3228       0.0000
  401       7.8624       0.0000
  402       4.8693       0.0000
  403      -1.0780       0.0000
  404      -4.0383       0.0000
  405      -9.9523       0.0000
  406     -12.9064       0.0000
  407     -18.8120       0.0000
  408     -21.7645       0.0000
  409     -27.6686       0.0000
  410     -30.6214       0.0000
  411     -36.5281       0.0000
  412     -39.4829       0.0000
  413     -45.3994       0.0000
  414     -48.3604       0.0000
  415     -54.3093       0.0000
  416     -57.2980       0.0000
  417       7.8678       0.0000
  418       4.8718       0.0000
  419      -1.0754       0.0000
  420      -4.0377       0.0000
  421      -9.9523       0.0000
  422     -12.9075       0.0000
  423     -18.8133       0.0000
  424     -21.7665       0.0000
  425     -27.6700       0.0000
  426     -30.6232       0.0000
  427     -36.5285       0.0000
  428     -39.4832       0.0000
  429     -45.3967       0.0000
  430     -48.3574       0.0000
  431     -54.3012       0.0000
  432     -57.2925       0.0000
  433       7.8664       0.0000
  434       4.8697       0.0000
  435      -1.0764       0.0000
  436      -4.0400       0.0000
  437      -9.9545       0.0000
  438     -12.9109       0.0000
  439     -18.8165       0.0000
  440     -21.7710       0.0000
  441     -27.6737       0.0000
  442     -30.6281       0.0000
  443     -36.5315       0.0000
  444     -39.4870       0.0000
  445     -45.3974       0.0000
  446     -48.3584       0.0000
  447     -54.2991       0.0000
  448     -57.2909       0.0000
  449       7.8616       0.0000
  450       4.8645       0.0000
  451      -1.0803       0.0000
  452      -4.0450       0.0000
  453      -9.9593       0.0000
  454     -12.9176       0.0000
  455     -18.8231       0.0000
  456     -21.7800       0.0000
  457     -27.6817       0.0000
  458     -30.6385       0.0000
  459     -36.5393       0.0000
  460     -39.4968       0.0000
  461     -45.4028       0.0000
  462     -48.3645       0.0000
  463     -54.3000       0.0000
  464     -57.2907       0.0000
  465       7.8532       0.0000
  466       4.8557       0.0000
  467      -1.0872       0.0000
  468      -4.0541       0.0000
  469      -9.9685       0.0000
  470     -12.9307       0.0000
  471     -18.8360       0.0000
  472     -21.7979       0.0000
  473     -27.6979       0.0000
  474     -30.6601       0.0000
  475     -36.5568       0.0000
  476     -39.5193       0.0000
  477     -45.4173       0.0000
  478     -48.3814       0.0000
  479     -54.3053       0.0000
  480     -57.2929       0.0000
  481       7.8379       0.0000
  482       4.8397       0.0000
  483      -1.1010       0.0000
  484      -4.0772       0.0000
  485      -9.9892       0.0000
  486     -12.9643       0.0000
  487     -18.8644       0.0000
  488     -21.8404       0.0000
  489     -27.7329       0.0000
  490     -30.7101       0.0000
  491     -36.5964       0.0000
  492     -39.5746       0.0000
  493     -45.4554       0.0000
  494     -48.4320       0.0000
  495     -54.3233       0.0000
  496     -57.3035       0.0000
  497       7.7780       0.0000
  498       4.7825       0.0000
  499      -1.1873       0.0000
  500      -4.1721       0.0000
  501     -10.0960       0.0000
  502     -13.0809       0.0000
  503     -18.9845       0.0000
  504     -21.9700       0.0000
  505     -27.8635       0.0000
  506     -30.8514       0.0000
  507     -36.7379       0.0000
  508     -39.7308       0.0000
  509     -45.6072       0.0000
  510     -48.6070       0.0000
  511     -54.4444       0.0000
  512     -57.3874       0.0000
  513     -60.0000      -1.5550
  514     -60.0000      -1.3785
  515     -60.0000      -1.3973
  516     -60.0000      -1.4040
  517     -60.0000      -1.4080
  518     -60.0000      -1.4084
  519     -60.0000      -1.4093
  520     -60.0000      -1.4094
  521     -60.0000      -1.4096
  522     -60.0000      -1.4094
  523     -60.0000      -1.4088
  524     -60.0000      -1.4082
  525     -60.0000      -1.4065
  526     -60.0000      -1.3969
  527     -60.0000      -1.4363
  528     -60.0000      -1.5218
  529     -60.0000      -1.5388
  530     -60.0000      -1.3768
  531     -60.0000      -1.3946
  532     -60.0000      -1.4022
  533     -60.0000      -1.4071
  534     -60.0000      -1.4077
  535     -60.0000      -1.4090
  536     -60.0000      -1.4091
  537     -60.0000      -1.4093
  538     -60.0000      -1.4090
  539     -60.0000      -1.4084
  540     -60.0000      -1.4073
  541     -60.0000      -1.4039
  542     -60.0000      -1.3947
  543     -60.0000      -1.3969
  544     -60.0000      -1.5161
  545     -60.0000      -1.5434
  546     -60.0000      -1.3768
  547     -60.0000      -1.3931
  548     -60.0000      -1.4013
  549     -60.0000      -1.4062
  550     -60.0000      -1.4071
  551     -60.0000      -1.4084
  552     -60.0000      -1.4085
  553     -60.0000      -1.4088
  554     -60.0000      -1.4084
  555     -60.0000      -1.4077
  556     -60.0000      -1.4066
  557     -60.0000      -1.4027
  558     -60.0000      -1.3937
  559     -60.0000      -1.3970
  560     -60.0000      -1.5181
  561     -60.0000      -1.5447
  562     -60.0000      -1.3765
  563     -60.0000      -1.3925
  564     -60.0000      -1.4005
  565     -60.0000      -1.4054
  566     -60.0000      -1.4062
  567     -60.0000      -1.4077
  568     -60.0000      -1.4078
  569     -60.0000      -1.4082
  570     -60.0000      -1.4077
  571     -60.0000      -1.4071
  572     -60.0000      -1.4059
  573     -60.0000      -1.4021
  574     -60.0000      -1.3932
  575     -60.0000      -1.3968
  576     -60.0000      -1.5188
  577     -60.0000      -1.5449
  578     -60.0000      -1.3758
  579     -60.0000      -1.3916
  580     -60.0000      -1.3992
  581     -60.0000      -1.4044
  582     -60.0000      -1.4049
  583     -60.0000      -1.4067
  584     -60.0000      -1.4065
  585     -60.0000      -1.4073
  586     -60.0000      -1.4065
  587     -60.0000      -1.4062
  588     -60.0000      -1.4048
  589     -60.0000      -1.4014
  590     -60.0000      -1.3923
  591     -60.0000      -1.3965
  592     -60.0000      -1.5187
  593     -60.0000      -1.5439
  594     -60.0000      -1.3732
  595     -60.0000      -1.3893
  596     -60.0000      -1.3963
  597     -60.0000      -1.4022
  598     -60.0000      -1.4022
  599     -60.0000      -1.4047
  600     -60.0000      -1.4039
  601     -60.0000      -1.4053
  602     -60.0000      -1.4040
  603     -60.0000      -1.4044
  604     -60.0000      -1.4025
  605     -60.0000      -1.3998
  606     -60.0000      -1.3904
  607     -60.0000      -1.3955
  608     -60.0000      -1.5178
  609     -60.0000      -1.5394
  610     -60.0000      -1.3602
  611     -60.0000      -1.3829
  612     -60.0000      -1.3827
  613     -60.0000      -1.3963
  614     -60.0000      -1.3892
  615     -60.0000      -1.3990
  616     -60.0000      -1.3911
  617     -60.0000      -1.3997
  618     -60.0000      -1.3912
  619     -60.0000      -1.3988
  620     -60.0000      -1.3897
  621     -60.0000      -1.3945
  622     -60.0000      -1.3781
  623     -60.0000      -1.3915
  624     -60.0000      -1.5122
  625     -60.0000      -1.5088
  626     -60.0000      -1.5089
  627     -60.0000      -1.3604
  628     -60.0000      -1.5398
  629     -60.0000      -1.3732
  630     -60.0000      -1.5443
  631     -60.0000      -1.3757
  632     -60.0000      -1.5453
  633     -60.0000      -1.3762
  634     -60.0000      -1.5449
  635     -60.0000      -1.3753
  636     -60.0000      -1.5431
  637     -60.0000      -1.3706
  638     -60.0000      -1.5278
  639     -60.0000      -1.3727
  640     -60.0000      -1.6461
